shapeCenter:5;false;false;0
shapeSide:4;true;false;0
shapeCorner:4;true;false;0
shapeCenterAngle:0;false;false;0
shapeSideAngle:180;true;false;0
shapeCornerAngle:0;true;false;0
fgH:0.7961298;true;1.85;false;500.0;false;0.5;50.0;200.0;0.0;false
fgS:1.0;false;0.5;false;500.0;true;0.5;0.0;200.0;0.0;false
fgB:0.255;false;0.5;false;500.0;true;0.5;0.0;200.0;0.0;false
fgAlpha:0.065;false;0.5;false;500.0;true;0.5;0.0;154.0;0.0;false
bgH:0.0;false;0.5;false;500.0;false;0.5;50.0;200.0;0.0;false
bgS:0.0;false;0.5;false;500.0;false;0.5;50.0;200.0;0.0;false
bgB:1.0;false;0.5;false;500.0;false;0.5;50.0;200.0;0.0;false
bgAlpha:0.01;false;0.5;false;500.0;true;0.37;50.0;200.0;0.0;false
gradient:0.0;false;0.5;false;0.0;false;0.5;50.0;200.0;0.0;false
angle:0.93662155;false;0.5;true;0.17499995;false;0.5;50.0;200.0;0.0;true
zoom:4.0830345;false;0.5;true;0.099999905;false;0.02;50.0;200.0;0.0;false
scrollX:22.0282;false;0.1;true;7.0;false;0.1;50.0;200.0;0.0;false
scrollY:0.0;false;0.1;false;0.0;false;0.1;50.0;200.0;0.0;false
text:::
drawText:false
